Justine TIE vs. Amanda [[1,1], [0,0], [0,2], [2,0], [1,0], [1,2], [2,2], [0,1], [2,1]]
Justine TIE vs. Amanda [[0,0], [0,1], [1,1], [2,2], [0,2], [2,0], [2,1], [1,0], [1,2]]
Justine TIE vs. Amanda [[0,1], [0,0], [1,1], [2,1], [0,2], [2,0], [2,2], [1,2], [1,0]]
Justine TIE vs. Amanda [[0,2], [0,0], [1,1], [2,0], [1,0], [1,2], [2,2], [0,1], [2,1]]
Justine TIE vs. Amanda [[1,0], [0,0], [1,1], [1,2], [0,2], [2,0], [2,2], [0,1], [2,1]]
Justine TIE vs. Amanda [[1,1], [0,0], [0,2], [2,0], [1,0], [1,2], [2,2], [0,1], [2,1]]
Justine TIE vs. Amanda [[1,2], [0,0], [1,1], [1,0], [2,0], [0,2], [0,1], [2,1], [2,2]]
Justine TIE vs. Amanda [[2,0], [0,0], [1,1], [0,2], [0,1], [2,1], [2,2], [1,0], [1,2]]
Justine TIE vs. Amanda [[2,1], [0,0], [1,1], [0,1], [0,2], [2,0], [1,0], [1,2], [2,2]]
Justine WIN vs. Amanda [[2,2], [0,0], [1,1], [0,1], [0,2], [1,2], [2,0], null, null]
Justine TIE vs. Ivan [[1,1], [0,0], [0,2], [2,0], [1,0], [1,2], [2,2], [0,1], [2,1]]
Justine TIE vs. Ivan [[0,0], [1,1], [0,2], [0,1], [2,1], [1,2], [1,0], [2,0], [2,2]]
Justine TIE vs. Ivan [[0,1], [1,1], [0,0], [0,2], [2,0], [1,0], [1,2], [2,1], [2,2]]
Justine TIE vs. Ivan [[0,2], [1,1], [0,0], [0,1], [2,1], [2,0], [2,2], [1,2], [1,0]]
Justine TIE vs. Ivan [[1,0], [1,1], [0,0], [2,0], [0,2], [0,1], [2,1], [2,2], [1,2]]
Justine TIE vs. Ivan [[1,1], [0,0], [0,2], [2,0], [1,0], [1,2], [2,2], [0,1], [2,1]]
Justine TIE vs. Ivan [[1,2], [1,1], [0,0], [2,1], [0,1], [0,2], [2,0], [1,0], [2,2]]
Justine TIE vs. Ivan [[2,0], [1,1], [0,0], [1,0], [1,2], [2,2], [0,2], [0,1], [2,1]]
Justine TIE vs. Ivan [[2,1], [1,1], [0,0], [2,2], [0,2], [0,1], [2,0], [1,0], [1,2]]
Justine WIN vs. Ivan [[2,2], [1,1], [0,0], [2,0], [0,2], [1,2], [0,1], null, null]
Justine WIN vs. Philip [[1,1], [0,0], [0,2], [2,0], [1,0], [1,2], [2,2], [2,2], null]
Justine TIE vs. Philip [[0,0], [1,1], [0,2], [0,1], [2,1], [2,0], [2,2], [1,2], [1,0]]
Justine TIE vs. Philip [[0,1], [1,1], [0,0], [0,2], [2,0], [1,0], [1,2], [2,2], [2,1]]
Justine TIE vs. Philip [[0,2], [1,1], [0,0], [0,1], [2,1], [2,0], [2,2], [1,2], [1,0]]
Justine TIE vs. Philip [[1,0], [1,1], [0,0], [2,0], [0,2], [0,1], [2,1], [2,2], [1,2]]
Justine TIE vs. Philip [[1,1], [0,0], [0,2], [2,0], [1,0], [1,2], [2,2], [0,1], [2,1]]
Justine TIE vs. Philip [[1,2], [1,1], [0,0], [2,0], [0,2], [0,1], [2,1], [2,2], [1,0]]
Justine TIE vs. Philip [[2,0], [1,1], [0,0], [1,0], [1,2], [0,2], [2,2], [2,1], [0,1]]
Justine TIE vs. Philip [[2,1], [1,1], [0,0], [2,0], [0,2], [0,1], [2,2], [1,2], [1,0]]
Justine TIE vs. Philip [[2,2], [1,1], [0,0], [2,0], [0,2], [0,1], [2,1], [1,2], [1,0]]
Justine TIE vs. Devin [[1,1], [0,0], [0,2], [2,0], [1,0], [1,2], [2,2], [0,1], [2,1]]
Justine TIE vs. Devin [[0,0], [1,1], [0,2], [0,1], [2,1], [2,2], [2,0], [1,0], [1,2]]
Justine TIE vs. Devin [[0,1], [1,1], [0,0], [0,2], [2,0], [1,0], [1,2], [2,1], [2,2]]
Justine TIE vs. Devin [[0,2], [1,1], [0,0], [0,1], [2,1], [2,2], [2,0], [1,0], [1,2]]
Justine TIE vs. Devin [[1,0], [1,1], [0,0], [2,0], [0,2], [0,1], [2,1], [1,2], [2,2]]
Justine TIE vs. Devin [[1,1], [0,0], [0,2], [2,0], [1,0], [1,2], [2,2], [0,1], [2,1]]
Justine TIE vs. Devin [[1,2], [1,1], [0,0], [0,2], [2,0], [1,0], [2,2], [2,1], [0,1]]
Justine TIE vs. Devin [[2,0], [1,1], [0,0], [1,0], [1,2], [0,2], [2,2], [2,1], [0,1]]
Justine TIE vs. Devin [[2,1], [1,1], [0,0], [2,2], [0,2], [0,1], [2,0], [1,0], [1,2]]
Justine TIE vs. Devin [[2,2], [1,1], [0,0], [0,1], [2,1], [2,0], [0,2], [1,2], [1,0]]
Amanda TIE vs. Justine [[0,0], [1,1], [0,1], [0,2], [2,0], [1,0], [1,2], [2,2], [2,1]]
Amanda TIE vs. Justine [[0,0], [1,1], [0,1], [0,2], [2,0], [1,0], [1,2], [2,2], [2,1]]
Amanda TIE vs. Justine [[0,1], [1,1], [0,0], [0,2], [2,0], [1,0], [1,2], [2,2], [2,1]]
Amanda TIE vs. Justine [[0,2], [1,1], [0,0], [0,1], [2,1], [2,0], [1,0], [2,2], [1,2]]
Amanda TIE vs. Justine [[1,0], [1,1], [0,0], [2,0], [0,2], [0,1], [2,1], [2,2], [1,2]]
Amanda LOSE vs. Justine [[1,1], [0,0], [0,1], [2,1], [0,2], [2,0], [2,2], [1,0], null]
Amanda TIE vs. Justine [[1,2], [1,1], [0,0], [0,2], [2,0], [1,0], [0,1], [2,2], [2,1]]
Amanda TIE vs. Justine [[2,0], [1,1], [0,0], [1,0], [1,2], [0,2], [0,1], [2,2], [2,1]]
Amanda TIE vs. Justine [[2,1], [1,1], [0,0], [0,2], [2,0], [2,2], [1,2], [1,0], [0,1]]
Amanda TIE vs. Justine [[2,2], [1,1], [0,0], [0,2], [2,0], [2,1], [0,1], [1,0], [1,2]]
Amanda TIE vs. Ivan [[0,0], [1,1], [0,1], [0,2], [2,0], [1,0], [1,2], [2,2], [2,1]]
Amanda TIE vs. Ivan [[0,0], [1,1], [0,1], [0,2], [2,0], [1,0], [1,2], [2,2], [2,1]]
Amanda TIE vs. Ivan [[0,1], [1,1], [0,0], [0,2], [2,0], [1,0], [1,2], [2,2], [2,1]]
Amanda TIE vs. Ivan [[0,2], [1,1], [0,0], [0,1], [2,1], [1,0], [1,2], [2,2], [2,0]]
Amanda TIE vs. Ivan [[1,0], [1,1], [0,0], [2,0], [0,2], [0,1], [2,1], [2,2], [1,2]]
Amanda LOSE vs. Ivan [[1,1], [0,0], [0,1], [2,1], [0,2], [2,0], [2,2], [1,0], null]
Amanda TIE vs. Ivan [[1,2], [1,1], [0,0], [1,0], [0,1], [0,2], [2,0], [2,2], [2,1]]
Amanda TIE vs. Ivan [[2,0], [1,1], [0,0], [1,0], [1,2], [0,1], [2,1], [2,2], [0,2]]
Amanda TIE vs. Ivan [[2,1], [1,1], [0,0], [1,0], [1,2], [2,2], [0,1], [0,2], [2,0]]
Amanda TIE vs. Ivan [[2,2], [1,1], [0,0], [0,2], [2,0], [1,0], [1,2], [2,1], [0,1]]
Amanda TIE vs. Philip [[0,0], [1,1], [0,1], [0,2], [2,0], [1,0], [1,2], [2,2], [2,1]]
Amanda TIE vs. Philip [[0,0], [1,1], [0,1], [0,2], [2,0], [1,0], [1,2], [2,2], [2,1]]
Amanda TIE vs. Philip [[0,1], [1,1], [0,0], [0,2], [2,0], [1,0], [1,2], [2,2], [2,1]]
Amanda TIE vs. Philip [[0,2], [1,1], [0,0], [0,1], [2,1], [2,0], [1,0], [2,2], [1,2]]
Amanda TIE vs. Philip [[1,0], [1,1], [0,0], [2,0], [0,2], [0,1], [2,1], [2,2], [1,2]]
Amanda LOSE vs. Philip [[1,1], [0,0], [0,1], [2,1], [0,2], [2,0], [2,2], [1,0], null]
Amanda TIE vs. Philip [[1,2], [1,1], [0,0], [2,0], [0,2], [0,1], [2,1], [2,2], [1,0]]
Amanda TIE vs. Philip [[2,0], [1,1], [0,0], [1,0], [1,2], [0,2], [0,1], [2,2], [2,1]]
Amanda TIE vs. Philip [[2,1], [1,1], [0,0], [2,0], [0,2], [0,1], [1,0], [2,2], [1,2]]
Amanda TIE vs. Philip [[2,2], [1,1], [0,0], [2,0], [0,2], [0,1], [2,1], [1,2], [1,0]]
Amanda TIE vs. Devin [[0,0], [1,1], [0,1], [0,2], [2,0], [1,0], [1,2], [2,1], [2,2]]
Amanda TIE vs. Devin [[0,0], [1,1], [0,1], [0,2], [2,0], [1,0], [1,2], [2,1], [2,2]]
Amanda TIE vs. Devin [[0,1], [1,1], [0,0], [0,2], [2,0], [1,0], [1,2], [2,1], [2,2]]
Amanda TIE vs. Devin [[0,2], [1,1], [0,0], [0,1], [2,1], [2,2], [1,0], [2,0], [1,2]]
Amanda TIE vs. Devin [[1,0], [1,1], [0,0], [2,0], [0,2], [0,1], [2,1], [1,2], [2,2]]
Amanda LOSE vs. Devin [[1,1], [0,0], [0,1], [2,1], [0,2], [2,0], [2,2], [1,0], null]
Amanda TIE vs. Devin [[1,2], [1,1], [0,0], [0,2], [2,0], [1,0], [0,1], [2,1], [2,2]]
Amanda TIE vs. Devin [[2,0], [1,1], [0,0], [1,0], [1,2], [0,2], [0,1], [2,1], [2,2]]
Amanda LOSE vs. Devin [[2,1], [1,1], [0,0], [2,2], [0,1], [0,2], [1,2], [2,0], null]
Amanda TIE vs. Devin [[2,2], [1,1], [0,0], [0,1], [2,1], [2,0], [0,2], [1,2], [1,0]]
Ivan WIN vs. Justine [[0,0], [1,1], [2,2], [0,2], [2,0], [2,1], [1,0], null, null]
Ivan WIN vs. Justine [[0,0], [1,1], [2,2], [0,2], [2,0], [2,1], [1,0], null, null]
Ivan LOSE vs. Justine [[0,1], [1,1], [2,2], [0,0], [2,1], [2,0], [1,0], [0,2], null]
Ivan WIN vs. Justine [[0,2], [1,1], [2,0], [0,0], [2,2], [2,1], [1,2], null, null]
Ivan TIE vs. Justine [[1,0], [1,1], [2,2], [0,0], [2,1], [2,0], [0,2], [1,2], [0,1]]
Ivan TIE vs. Justine [[1,1], [0,0], [0,1], [2,1], [2,0], [0,2], [1,2], [1,0], [2,2]]
Ivan TIE vs. Justine [[1,2], [1,1], [0,2], [2,2], [0,0], [0,1], [2,1], [2,0], [1,0]]
Ivan WIN vs. Justine [[2,0], [1,1], [0,2], [0,0], [2,2], [2,1], [1,2], null, null]
Ivan LOSE vs. Justine [[2,1], [1,1], [0,1], [0,0], [2,2], [2,0], [1,0], [0,2], null]
Ivan WIN vs. Justine [[2,2], [1,1], [0,0], [0,2], [2,0], [2,1], [1,0], null, null]
Ivan TIE vs. Amanda [[0,0], [0,1], [2,0], [1,0], [0,2], [1,1], [2,1], [2,2], [1,2]]
Ivan TIE vs. Amanda [[0,0], [0,1], [2,2], [1,1], [2,1], [2,0], [0,2], [1,2], [1,0]]
Ivan TIE vs. Amanda [[0,1], [0,0], [1,1], [2,1], [2,0], [0,2], [1,0], [1,2], [2,2]]
Ivan TIE vs. Amanda [[0,2], [0,0], [2,1], [0,1], [1,1], [2,0], [1,0], [1,2], [2,2]]
Ivan TIE vs. Amanda [[1,0], [0,0], [1,1], [1,2], [2,1], [0,1], [0,2], [2,0], [2,2]]
Ivan TIE vs. Amanda [[1,1], [0,0], [2,0], [0,2], [0,1], [2,1], [1,2], [1,0], [2,2]]
Ivan TIE vs. Amanda [[1,2], [0,0], [2,2], [0,2], [0,1], [1,0], [2,0], [2,1], [1,1]]
Ivan WIN vs. Amanda [[2,0], [0,0], [0,1], [0,2], [2,1], [2,2], [1,1], null, null]
Ivan WIN vs. Amanda [[2,1], [0,0], [0,2], [0,1], [1,0], [1,1], [2,2], [2,0], [1,2]]
Ivan WIN vs. Amanda [[2,2], [0,0], [1,1], [0,1], [0,2], [1,2], [2,0], null, null]
Ivan WIN vs. Philip [[0,0], [1,1], [2,2], [2,0], [0,2], [0,1], [1,2], null, null]
Ivan WIN vs. Philip [[0,0], [1,1], [2,2], [2,0], [0,2], [0,1], [1,2], null, null]
Ivan LOSE vs. Philip [[0,1], [1,1], [2,1], [0,0], [2,2], [2,0], [1,0], [0,2], null]
Ivan WIN vs. Philip [[0,2], [1,1], [2,0], [0,0], [2,2], [2,1], [1,2], null, null]
Ivan TIE vs. Philip [[1,0], [1,1], [2,2], [0,0], [2,0], [2,1], [0,1], [0,2], [1,2]]
Ivan TIE vs. Philip [[1,1], [0,0], [2,0], [0,2], [0,1], [2,1], [1,0], [1,2], [2,2]]
Ivan TIE vs. Philip [[1,2], [1,1], [2,2], [0,2], [2,0], [2,1], [0,1], [0,0], [1,0]]
Ivan WIN vs. Philip [[2,0], [1,1], [0,2], [0,0], [2,2], [2,1], [1,2], null, null]
Ivan WIN vs. Philip [[2,1], [1,1], [0,2], [0,0], [2,2], [2,0], [1,2], null, null]
Ivan WIN vs. Philip [[2,2], [1,1], [0,0], [2,0], [0,2], [0,1], [1,2], null, null]
Ivan TIE vs. Devin [[0,0], [1,1], [2,2], [0,1], [2,1], [2,0], [0,2], [1,2], [1,0]]
Ivan TIE vs. Devin [[0,0], [1,1], [2,2], [0,1], [2,1], [2,0], [0,2], [1,2], [1,0]]
Ivan TIE vs. Devin [[0,1], [1,1], [1,2], [0,0], [2,2], [0,2], [2,0], [2,1], [1,0]]
Ivan TIE vs. Devin [[0,2], [1,1], [2,0], [0,1], [2,1], [2,2], [0,0], [1,0], [1,2]]
Ivan LOSE vs. Devin [[1,0], [1,1], [1,2], [0,2], [2,0], [0,0], [2,2], [0,1], null]
Ivan TIE vs. Devin [[1,1], [0,0], [1,2], [1,0], [2,0], [0,2], [0,1], [2,1], [2,2]]
Ivan TIE vs. Devin [[1,2], [1,1], [2,0], [0,2], [0,1], [0,0], [2,2], [2,1], [1,0]]
Ivan TIE vs. Devin [[2,0], [1,1], [0,2], [0,1], [2,1], [2,2], [0,0], [1,0], [1,2]]
Ivan TIE vs. Devin [[2,1], [1,1], [0,2], [2,2], [0,0], [0,1], [1,2], [1,0], [2,0]]
Ivan TIE vs. Devin [[2,2], [1,1], [0,0], [0,1], [2,1], [2,0], [0,2], [1,2], [1,0]]
Philip TIE vs. Justine [[1,1], [0,0], [2,0], [0,2], [0,1], [2,1], [2,2], [1,0], [1,2]]
Philip TIE vs. Justine [[0,0], [1,1], [2,0], [1,0], [1,2], [0,2], [2,2], [2,1], [0,1]]
Philip TIE vs. Justine [[0,1], [1,1], [0,0], [0,2], [2,0], [1,0], [1,2], [2,2], [2,1]]
Philip TIE vs. Justine [[0,2], [1,1], [0,0], [0,1], [2,1], [2,0], [2,2], [1,2], [1,0]]
Philip TIE vs. Justine [[1,0], [1,1], [0,0], [2,0], [0,2], [0,1], [2,1], [2,2], [1,2]]
Philip TIE vs. Justine [[1,1], [0,0], [2,0], [0,2], [0,1], [2,1], [2,2], [1,0], [1,2]]
Philip TIE vs. Justine [[1,2], [1,1], [0,0], [0,2], [2,0], [1,0], [2,2], [2,1], [0,1]]
Philip TIE vs. Justine [[2,0], [1,1], [0,0], [1,0], [1,2], [0,2], [2,2], [2,1], [0,1]]
Philip WIN vs. Justine [[2,1], [1,1], [0,0], [0,2], [2,0], [2,2], [1,0], null, null]
Philip WIN vs. Justine [[2,2], [1,1], [0,0], [0,2], [2,0], [2,1], [1,0], null, null]
Philip TIE vs. Amanda [[1,1], [0,0], [2,0], [0,2], [0,1], [2,1], [2,2], [1,0], [1,2]]
Philip WIN vs. Amanda [[0,0], [0,1], [1,1], [2,2], [2,0], [1,0], [0,2], null, null]
Philip TIE vs. Amanda [[0,1], [0,0], [1,1], [2,1], [2,0], [0,2], [2,2], [1,0], [1,2]]
Philip TIE vs. Amanda [[0,2], [0,0], [1,1], [2,0], [1,0], [1,2], [2,2], [0,1], [2,1]]
Philip TIE vs. Amanda [[1,0], [0,0], [1,1], [1,2], [2,0], [0,2], [0,1], [2,1], [2,2]]
Philip TIE vs. Amanda [[1,1], [0,0], [2,0], [0,2], [0,1], [2,1], [2,2], [1,0], [1,2]]
Philip TIE vs. Amanda [[1,2], [0,0], [1,1], [1,0], [2,0], [0,2], [0,1], [2,1], [2,2]]
Philip TIE vs. Amanda [[2,0], [0,0], [1,1], [0,2], [0,1], [2,1], [2,2], [1,0], [1,2]]
Philip TIE vs. Amanda [[2,1], [0,0], [1,1], [0,1], [0,2], [2,0], [1,0], [1,2], [2,2]]
Philip WIN vs. Amanda [[2,2], [0,0], [1,1], [0,1], [0,2], [1,2], [2,0], null, null]
Philip TIE vs. Ivan [[1,1], [0,0], [2,0], [0,2], [0,1], [2,1], [2,2], [1,2], [1,0]]
Philip TIE vs. Ivan [[0,0], [1,1], [2,0], [1,0], [1,2], [0,1], [2,1], [2,2], [0,2]]
Philip TIE vs. Ivan [[0,1], [1,1], [0,0], [0,2], [2,0], [1,0], [1,2], [2,1], [2,2]]
Philip TIE vs. Ivan [[0,2], [1,1], [0,0], [0,1], [2,1], [2,2], [2,0], [1,0], [1,2]]
Philip TIE vs. Ivan [[1,0], [1,1], [0,0], [2,0], [0,2], [0,1], [2,1], [1,2], [2,2]]
Philip TIE vs. Ivan [[1,1], [0,0], [2,0], [0,2], [0,1], [2,1], [2,2], [1,2], [1,0]]
Philip TIE vs. Ivan [[1,2], [1,1], [0,0], [2,2], [2,0], [1,0], [0,2], [0,1], [2,1]]
Philip TIE vs. Ivan [[2,0], [1,1], [0,0], [1,0], [1,2], [2,1], [0,1], [0,2], [2,2]]
Philip TIE vs. Ivan [[2,1], [1,1], [0,0], [1,0], [1,2], [0,1], [2,0], [2,2], [0,2]]
Philip TIE vs. Ivan [[2,2], [1,1], [0,0], [2,1], [0,1], [0,2], [2,0], [1,0], [1,2]]
Philip TIE vs. Devin [[1,1], [0,0], [2,0], [0,2], [0,1], [2,1], [2,2], [1,0], [1,2]]
Philip TIE vs. Devin [[0,0], [1,1], [2,0], [1,0], [1,2], [0,2], [2,2], [2,1], [0,1]]
Philip TIE vs. Devin [[0,1], [1,1], [0,0], [0,2], [2,0], [1,0], [1,2], [2,1], [2,2]]
Philip TIE vs. Devin [[0,2], [1,1], [0,0], [0,1], [2,1], [2,2], [2,0], [1,0], [1,2]]
Philip TIE vs. Devin [[1,0], [1,1], [0,0], [2,0], [0,2], [0,1], [2,1], [1,2], [2,2]]
Philip TIE vs. Devin [[1,1], [0,0], [2,0], [0,2], [0,1], [2,1], [2,2], [1,0], [1,2]]
Philip TIE vs. Devin [[1,2], [1,1], [0,0], [0,2], [2,0], [1,0], [2,2], [2,1], [0,1]]
Philip TIE vs. Devin [[2,0], [1,1], [0,0], [1,0], [1,2], [0,2], [2,2], [2,1], [0,1]]
Philip TIE vs. Devin [[2,1], [1,1], [0,0], [2,2], [2,0], [1,0], [1,2], [0,1], [0,2]]
Philip TIE vs. Devin [[2,2], [1,1], [0,0], [0,1], [2,1], [2,0], [0,2], [1,2], [1,0]]
Devin WIN vs. Justine [[0,0], [1,1], [2,2], [0,2], [2,0], [2,1], [1,0], null, null]
Devin TIE vs. Justine [[0,0], [1,1], [0,2], [0,1], [2,1], [2,0], [2,2], [1,2], [1,0]]
Devin TIE vs. Justine [[0,1], [1,1], [0,0], [0,2], [2,0], [1,0], [1,2], [2,2], [2,1]]
Devin TIE vs. Justine [[0,2], [1,1], [0,0], [0,1], [2,1], [2,0], [2,2], [1,2], [1,0]]
Devin TIE vs. Justine [[1,0], [1,1], [0,0], [2,0], [0,2], [0,1], [2,1], [2,2], [1,2]]
Devin TIE vs. Justine [[1,1], [0,0], [0,2], [2,0], [1,0], [1,2], [2,2], [0,1], [2,1]]
Devin TIE vs. Justine [[1,2], [1,1], [0,0], [0,2], [2,0], [1,0], [2,2], [2,1], [0,1]]
Devin TIE vs. Justine [[2,0], [1,1], [0,0], [1,0], [1,2], [0,2], [2,2], [2,1], [0,1]]
Devin WIN vs. Justine [[2,1], [1,1], [0,0], [0,2], [2,0], [2,2], [1,0], null, null]
Devin WIN vs. Justine [[2,2], [1,1], [0,0], [0,2], [2,0], [2,1], [1,0], null, null]
Devin WIN vs. Amanda [[0,0], [0,1], [2,0], [1,0], [1,1], [2,2], [0,2], null, null]
Devin TIE vs. Amanda [[0,0], [0,1], [1,1], [2,2], [0,2], [2,0], [2,1], [1,0], [1,2]]
Devin TIE vs. Amanda [[0,1], [0,0], [1,1], [2,1], [0,2], [2,0], [2,2], [1,2], [1,0]]
Devin TIE vs. Amanda [[0,2], [0,0], [1,1], [2,0], [1,0], [1,2], [2,2], [0,1], [2,1]]
Devin TIE vs. Amanda [[1,0], [0,0], [1,1], [1,2], [0,2], [2,0], [2,2], [0,1], [2,1]]
Devin TIE vs. Amanda [[1,1], [0,0], [0,2], [2,0], [1,0], [1,2], [2,2], [0,1], [2,1]]
Devin TIE vs. Amanda [[1,2], [0,0], [1,1], [1,0], [2,0], [0,2], [0,1], [2,1], [2,2]]
Devin TIE vs. Amanda [[2,0], [0,0], [1,1], [0,2], [0,1], [2,1], [2,2], [1,0], [1,2]]
Devin TIE vs. Amanda [[2,1], [0,0], [1,1], [0,1], [0,2], [2,0], [1,0], [1,2], [2,2]]
Devin WIN vs. Amanda [[2,2], [0,0], [1,1], [0,1], [0,2], [1,2], [2,0], null, null]
Devin TIE vs. Ivan [[0,0], [1,1], [2,2], [1,2], [1,0], [2,0], [0,2], [0,1], [2,1]]
Devin TIE vs. Ivan [[0,0], [1,1], [0,2], [0,1], [2,1], [2,2], [2,0], [1,0], [1,2]]
Devin TIE vs. Ivan [[0,1], [1,1], [0,0], [0,2], [2,0], [1,0], [1,2], [2,1], [2,2]]
Devin TIE vs. Ivan [[0,2], [1,1], [0,0], [0,1], [2,1], [1,2], [1,0], [2,0], [2,2]]
Devin TIE vs. Ivan [[1,0], [1,1], [0,0], [2,0], [0,2], [0,1], [2,1], [1,2], [2,2]]
Devin TIE vs. Ivan [[1,1], [0,0], [0,2], [2,0], [1,0], [1,2], [2,2], [0,1], [2,1]]
Devin WIN vs. Ivan [[1,2], [1,1], [0,0], [2,0], [0,2], [2,2], [0,1], null, null]
Devin TIE vs. Ivan [[2,0], [1,1], [0,0], [1,0], [1,2], [0,2], [2,2], [2,1], [0,1]]
Devin TIE vs. Ivan [[2,1], [1,1], [0,0], [1,0], [1,2], [2,2], [0,2], [0,1], [2,0]]
Devin TIE vs. Ivan [[2,2], [1,1], [0,0], [1,0], [1,2], [0,2], [2,0], [2,1], [0,1]]
Devin WIN vs. Philip [[0,0], [1,1], [2,2], [2,0], [0,2], [0,1], [1,2], null, null]
Devin TIE vs. Philip [[0,0], [1,1], [0,2], [0,1], [2,1], [2,0], [2,2], [1,2], [1,0]]
Devin TIE vs. Philip [[0,1], [1,1], [0,0], [0,2], [2,0], [1,0], [1,2], [2,2], [2,1]]
Devin TIE vs. Philip [[0,2], [1,1], [0,0], [0,1], [2,1], [2,0], [2,2], [1,2], [1,0]]
Devin TIE vs. Philip [[1,0], [1,1], [0,0], [2,0], [0,2], [0,1], [2,1], [2,2], [1,2]]
Devin TIE vs. Philip [[1,1], [0,0], [0,2], [2,0], [1,0], [1,2], [2,2], [0,1], [2,1]]
Devin WIN vs. Philip [[1,2], [1,1], [0,0], [2,0], [0,2], [0,1], [2,2], null, null]
Devin TIE vs. Philip [[2,0], [1,1], [0,0], [1,0], [1,2], [0,2], [2,2], [2,1], [0,1]]
Devin TIE vs. Philip [[2,1], [1,1], [0,0], [2,0], [0,2], [0,1], [2,2], [1,2], [1,0]]
Devin WIN vs. Philip [[2,2], [1,1], [0,0], [2,0], [0,2], [0,1], [1,2], null, null]
